4.567514
6.360674
8.016874
3.448792
3.328481
1.851751
7.428072
12.112706
1.955875
5.015508
1.864652
2.905648
6.868149
3.058945
5.549461
4.741865
5.058735
2.408556
3.697447
4.198077
5.178059
4.221986
5.280408
4.155294
10.512114
4.043705
12.954848
3.126406
2.774899
3.628845
5.618436
9.525996
5.215108
2.706346
6.595534
1.563346
1.941204
10.483889
3.894339
2.364978
4.466578
3.580375
4.988225
2.272361
5.441162
7.040063
3.347487
4.443464
13.055300
5.823979
9.053150
2.650080
6.717752
3.036337
6.654665
4.013050
8.987320
8.436778
3.021227
2.865834
4.312358
5.115535
1.832161
9.122918
3.252896
12.687047
14.197075
4.694563
2.267777
4.499352
4.034136
8.159858
5.090044
2.250282
2.241306
10.826038
10.209431
4.472758
8.163048
2.042777
5.489868
2.912170
3.126215
8.002008
4.011308
2.468892
2.477708
3.931546
3.956824
3.571273
3.326626
6.587914
6.831394
13.730660
1.873552
2.779869
7.899506
5.551599
4.529411
4.972935
7.480713
1.713023
2.790878
3.517015
2.518272
2.861162
4.027725
3.605839
6.154650
2.343689
2.969656
4.908786
4.347613
4.543763
2.762300
3.988958
5.921123
5.334861
5.067548
3.747935
10.953132
6.547208
2.020071
3.869078
1.966629
3.541844
10.106136
3.658492
3.931729
5.597524
4.224159
1.865001
2.845458
1.956194
1.640930
5.760857
8.200919
3.639665
1.241419
4.713190
6.357575
2.480795
3.983197
3.803416
4.204166
3.213047
8.440964
6.337698
5.551370
4.936433
2.950711
4.581394
6.884851
4.581599
3.579586
9.239101
4.714147
5.507785
4.390519
10.827808
3.612264
9.662592
6.688253
16.559581
11.642250
4.098720
2.384859
5.272536
5.935602
5.051317
5.566694
5.749450
5.478570
10.012681
7.874002
3.604334
7.430375
2.455798
1.992220
2.642885
6.792132
2.898923
3.800263
3.523208
6.934402
5.372081
8.089527
9.359778
2.113691
8.348586
4.236668
6.042502
5.239019
2.274577
6.547859
4.336437
3.144134
1.399675
4.172496
2.729249
4.378300
8.318198
5.869766
6.786590
2.713027
7.495278
3.731802
2.589525
2.326969
7.757575
3.116718
4.495767
2.394121
2.300781
3.871272
3.194738
4.005364
4.771785
3.386810
4.573474
4.943475
3.379511
3.635895
5.954952
7.343732
2.995089
1.391380
2.493795
5.229736
5.624509
2.563011
5.769170
8.300097
3.018132
5.411608
6.460704
3.923378
8.941217
5.994553
4.215065
7.590874
4.957044
3.969300
6.100583
1.984842
5.489440
3.765322
2.437835
3.654232
4.457915
4.611720
3.442619
7.926396
4.610733
4.121689
6.884094
6.583927
2.433700
5.014227
6.444206
4.025059
2.753664
5.043024
2.771925
3.197502
3.957430
9.362644
9.150270
6.501123
3.315088
12.060535
2.812136
7.438171
2.790988
1.961880
2.124698
7.173175
3.878948
3.255967
3.697843
1.153585
3.084584
6.212940
4.336189
7.261158
5.079503
7.454567
2.917115
2.725990
3.448155
7.084819
5.604322
4.885510
4.775598
8.392272
3.840787
8.968384
4.279650
7.114382
5.356688
2.995004
2.905451
3.402824
6.674064
10.171903
6.467822
6.574306
2.509879
3.204468
3.360458
2.036481
1.801180
2.607928
4.340281
7.637333
3.630923
5.561702
11.161779
2.355906
2.449741
7.354950
1.917354
2.987056
6.247976
8.986280
4.607699
5.465412
4.162648
6.591396
3.287948
5.375556
8.102638
7.117382
3.948006
4.876166
7.310207
3.745570
2.589541
2.097818
8.486999
1.550061
5.813361
4.033859
9.173959
7.124775
2.793425
7.379517
5.973888
2.119801
2.440089
4.973969
7.693882
2.048398
4.667127
19.772301
6.940777
5.943852
2.202013
4.633569
3.081380
3.812589
3.348498
1.641553
8.090460
3.981378
3.743825
4.414697
4.084525
10.472986
9.232838
2.826166
4.588224
4.735855
3.712623
3.398879
1.947937
4.242600
6.787810
7.893308
3.712657
6.366107
7.225255
5.898893
1.726066
8.276735
13.198310
4.007376
3.542620
2.606709
3.213526
7.399674
6.408026
7.849249
3.257640
6.802758
1.403719
4.888252
2.438809
6.127088
2.281436
4.018130
4.813145
4.309802
2.642286
2.148270
4.006890
1.994447
6.947615
3.492583
1.038594
3.536899
2.749741
2.001008
4.958881
3.124898
3.232649
2.877651
8.101508
4.996336
4.076099
2.968022
4.571633
6.071150
4.192031
5.236901
4.327833
2.614837
4.580319
3.700882
6.917539
6.616625
3.381894
2.603723
11.154179
5.500796
3.097293
4.576251
5.710027
1.879029
6.349117
3.884300
3.373849
2.882443
2.154500
3.799514
6.087713
5.505844
14.757192
5.606791
3.738903
7.885892
1.760528
7.688639
2.358072
3.702710
6.176662
3.884787
2.599159
4.446139
1.854993
3.154116
3.010840
1.240607
5.124953
4.349233
3.899193
4.915268
2.458751
5.625160
11.758167
2.731728
3.073332
4.062341
3.292277
4.770246
4.582696
4.103281
2.775909
4.259740
3.004100
2.822194
3.967498
9.292053
3.630923
3.199884
5.731630
7.670926
5.064660
2.131401
6.611136
4.540585
3.246440
6.223574
3.726084
7.340374
2.392591
6.417860
2.908346
6.099545
3.075190
4.552843
4.627135
3.568598
4.203164
2.841250
11.653869
5.184718
3.977546
3.530098
3.159108
3.267061
2.216018
5.072927
3.452659
1.821535
4.727200
6.463038
4.203966
2.699849
5.037505
6.955563
6.165858
4.254130
3.609138
2.755699
4.890874
5.392119
3.026772
5.328995
2.392431
3.987560
4.327854
3.090080
6.719979
4.111579
7.154399
4.361855
3.697561
13.810226
5.139603
3.234944
4.521992
4.454728
2.833741
13.132728
4.859601
4.804026
4.987691
1.145276
2.423131
3.912842
4.980028
4.210790
5.427818
5.835057
6.905096
9.759878
4.924609
9.883739
4.279555
4.605925
5.639487
5.813993
10.254303
6.320567
4.747173
3.232114
13.010305
3.423213
6.363479
5.572569
9.571648
2.590441
1.076607
5.230570
6.116537
2.943241
6.733580
2.862629
5.780580
4.212726
3.991597
12.300321
9.390372
7.111391
4.950324
5.521868
4.208127
5.121900
2.827143
2.114163
12.849840
5.396985
8.580909
3.197809
5.245791
3.604168
3.858584
4.990767
6.393183
2.458132
4.217810
7.125436
7.047581
5.988677
6.352675
4.543589
4.812972
5.857387
7.175832
6.979714
4.474655
4.333068
2.977261
1.967364
4.261520
2.385822
10.644970
5.630504
3.216882
1.185002
4.131345
7.997633
5.823965
4.236136
6.360062
5.907820
4.377613
4.177339
4.554449
3.207593
5.299823
2.205479
3.198890
4.340619
3.310620
2.434028
7.577209
4.238987
1.882382
3.896846
4.196497
8.337661
8.092999
11.117088
9.932555
7.671651
9.525856
10.914858
4.412489
5.571236
9.805668
7.797631
4.165661
3.760119
1.769043
2.187382
5.634569
6.597548
3.598369
1.940418
4.578488
3.438024
14.671422
3.404572
6.922385
2.377305
10.060008
2.718483
4.127112
9.798918
2.527765
2.822843
3.320066
5.612936
4.831301
4.388201
4.599585
4.036099
5.069756
4.568048
2.786722
2.716278
5.584216
6.223709
3.630393
3.844173
3.354605
3.949883
6.685803
4.890212
4.486261
5.209828
3.710783
3.022958
5.127930
3.958779
5.685623
2.434481
3.440891
2.291099
4.419448
8.600836
9.316001
9.897336
9.445977
5.111788
10.256903
6.112281
5.193620
3.054086
7.395781
2.634934
5.609439
3.339575
3.156030
3.011456
7.025649
3.748889
5.722507
10.861412
2.601711
5.060850
3.935477
7.246055
3.293139
5.070181
1.864106
1.345234
7.686464
5.392912
14.118589
6.557914
3.357455
2.026808
1.347898
3.540902
7.372968
2.666768
4.774983
7.511039
5.492792
2.485436
7.602078
2.899809
2.842785
2.913908
3.898161
2.286246
9.539139
15.281127
2.705605
1.725311
6.540377
3.129678
4.256687
4.191890
4.699394
5.375400
5.572607
7.755535
8.827193
3.347349
3.243894
4.825940
9.304278
5.037757
3.391510
4.027581
6.761226
4.151588
2.987235
4.060577
3.735881
3.478684
2.491865
2.857130
2.378336
2.646842
12.733776
2.056386
5.683482
3.332231
3.258649
2.530747
3.644898
4.092506
3.571173
2.776315
7.647471
2.906096
2.381333
5.462722
4.333480
4.577245
3.089624
6.582265
6.144107
5.978346
7.647965
4.872274
6.029627
3.242259
6.344575
5.279916
5.777565
6.771365
2.148265
4.451724
4.012355
4.852345
3.661357
3.161393
2.437281
4.116169
3.703610
2.824965
6.810199
10.782506
10.227302
6.057410
5.975490
2.344567
4.236509
4.728819
3.318401
5.821378
6.179744
5.298502
6.389746
1.699544
6.287874
14.672158
4.198517
4.522955
5.985031
2.500259
2.773911
13.722032
2.766095
4.970938
6.197723
2.258568
2.276718
2.088271
9.420502
4.170456
21.115317
8.273965
5.389936
3.024138
5.897627
5.537422
11.342780
3.696479
2.817917
9.372525
5.854411
3.619755
19.210398
5.823235
2.319261
5.030714
4.795967
1.718693
6.728296
7.240073
16.414584
6.424042
6.250652
4.736936
2.863872
14.979536
3.737209
5.024239
10.050657
2.461825
2.849824
2.953079
2.712555
3.874882
2.359649
10.648705
4.303289
6.269406
4.046985
6.365508
2.631911
6.925953
7.821636
6.715228
3.495231
2.433295
5.363179
5.484742
8.854390
5.052506
2.164150
4.912744
2.722842
3.842619
4.764330
5.093839
6.256004
3.958254
7.489475
5.719814
7.424493
2.846350
5.588510
3.656947
3.606882
3.230705
1.725663
3.966867
5.124082
2.462932
5.266342
9.521217
7.476227
7.275090
3.927840
1.789345
6.849554
6.654518
8.542424
1.608700
5.260594
3.428365
4.535571
4.811980
2.721295
6.328765
8.240559
4.484877
3.155328
2.405032
3.673625
4.697344
3.340670
8.235068
5.746840
10.210419
7.808230
4.574134
2.485992
9.102711
5.559540
6.855210
3.293105
5.003691
3.550894
6.116891
4.775951
3.901399
1.420896
5.043043
3.338620
2.568022
8.204590
3.029382
3.587019
3.355379
4.850758
6.486269
4.021212
6.401650
6.152409
4.340929
12.153126
3.831769
4.978020
3.566311
5.100803
2.966743
14.572990
4.672421
7.406501
5.252921
2.256459
2.673386
4.891712
6.432763
5.728362
8.062842
9.803204
3.782259
2.655293
7.595126
3.441561
8.778487
2.952593
5.875792
3.121974
6.199455
6.231535
3.360376
4.525653
5.725595
8.999789
